7 3 8 3 1
8 3 9 3 2
9 3 9 4 2
6 6 7 6 3
3 5 4 5 5
4 5 5 5 6
5 5 6 5 7
6 5 6 6 7
6 6 7 6 9
3 5 4 5 11
4 5 5 5 12
5 5 6 5 13
6 5 6 6 13
9 5 8 5 14
8 5 7 5 15
7 5 6 5 16
7 3 6 3 17
6 3 6 4 17
6 4 5 4 18
6 5 5 5 18
5 4 4 4 19
5 5 4 5 19
4 4 3 4 20
4 5 3 5 20
3 4 2 4 21
3 5 2 5 21
2 4 1 4 22
2 5 1 5 22
11 5 10 5 28
10 5 9 5 29
9 5 8 5 30
8 5 7 5 31
7 5 6 5 32
6 5 5 5 33
5 5 4 5 34
4 5 3 5 35
3 5 2 5 36
6 6 7 6 37
4 1 5 1 38
5 1 5 2 38
5 2 5 3 38
5 3 5 4 38
5 4 5 5 38
5 5 6 5 39
6 5 6 6 39
11 5 10 5 40
10 5 9 5 41
9 5 8 5 42
8 5 7 5 43
7 5 6 5 44
6 5 5 5 45
5 5 4 5 46
4 5 3 5 47
3 5 2 5 48
3 1 2 1 53
2 1 2 2 53
2 2 2 3 53
2 3 2 4 53
2 4 1 4 54
6 6 7 6 55
