6 6 7 6 55
2 4 1 4 54
2 3 2 4 53
2 2 2 3 53
2 1 2 2 53
3 1 2 1 53
3 5 2 5 48
4 5 3 5 47
5 5 4 5 46
6 5 5 5 45
7 5 6 5 44
8 5 7 5 43
9 5 8 5 42
10 5 9 5 41
11 5 10 5 40
6 5 6 6 39
5 5 6 5 39
5 4 5 5 38
5 3 5 4 38
5 2 5 3 38
5 1 5 2 38
4 1 5 1 38
6 6 7 6 37
3 5 2 5 36
4 5 3 5 35
5 5 4 5 34
6 5 5 5 33
7 5 6 5 32
8 5 7 5 31
9 5 8 5 30
10 5 9 5 29
11 5 10 5 28
2 5 1 5 22
2 4 1 4 22
3 5 2 5 21
3 4 2 4 21
4 5 3 5 20
4 4 3 4 20
5 5 4 5 19
5 4 4 4 19
6 5 5 5 18
6 4 5 4 18
6 3 6 4 17
7 3 6 3 17
7 5 6 5 16
8 5 7 5 15
9 5 8 5 14
6 5 6 6 13
5 5 6 5 13
4 5 5 5 12
3 5 4 5 11
6 6 7 6 9
6 5 6 6 7
5 5 6 5 7
4 5 5 5 6
3 5 4 5 5
6 6 7 6 3
9 3 9 4 2
8 3 9 3 2
7 3 8 3 1
